452, 422
455, 459
454, 459
443, 424

106, 351
102, 359
101, 394
50, 458
48, 457
102, 359
102, 354

373, 420
362, 441
328, 448
302, 424

258, 427
244, 436
245, 428

255, 381
285, 409
275, 416
247, 421
245, 428
196, 431
195, 431
247, 421

172, 387
173, 389
170, 390
142, 430
133, 402
170, 390

215, 375
199, 406
207, 429
195, 415
199, 406
192, 388
201, 380

181, 399
195, 415
191, 422

99, 404
92, 415
83, 418

387, 394
375, 417
345, 402
374, 396
377, 401
380, 395

451, 411
452, 414
441, 415
440, 414

318, 388
333, 396
339, 403
289, 413
285, 409

518, 381
547, 381
515, 391
556, 399
516, 408
505, 396
507, 393
515, 391
510, 390

162, 355
153, 366
156, 368
131, 394
133, 402
119, 406
120, 406
131, 394
131, 393
153, 366
148, 360
160, 350

339, 399
345, 402
342, 403

61, 284
57, 293
73, 293
41, 353
46, 375
31, 396
31, 399
26, 403
31, 396
33, 367
41, 353
35, 331
38, 285

115, 378
100, 402
101, 394

449, 382
450, 395
436, 402
434, 394
438, 384

54, 398
53, 401
53, 400

488, 378
490, 381
506, 381
504, 389
510, 390
507, 393
503, 394
503, 393
504, 389
497, 387
490, 381
482, 380

347, 363
351, 364
352, 365
366, 386
362, 394
342, 385
329, 383
328, 381
330, 380
342, 385
346, 386
346, 369
352, 365

57, 384
57, 387
51, 393
50, 389

575, 382
594, 389
595, 390
581, 387

564, 381
568, 385
566, 384

433, 380
440, 380
438, 384
431, 385
431, 384

223, 360
226, 355
228, 357
225, 359
223, 360
219, 361
223, 362
201, 380
190, 383
185, 368
189, 362
216, 360

314, 373
326, 378
328, 381
326, 382
321, 381

560, 371
568, 374
565, 375
568, 377
575, 378
583, 381
573, 381
568, 377
562, 377
562, 376
565, 375

459, 380
483, 375
483, 373
485, 375
483, 375
482, 380

448, 367
455, 367
455, 379
459, 380
456, 380
455, 379
449, 378

404, 363
415, 364
417, 372
427, 374
429, 379
429, 380
420, 380
417, 372
408, 370
402, 365

526, 367
529, 368
524, 373
553, 376
553, 379
548, 380
523, 375
524, 373
505, 372
507, 372
508, 370

396, 377
399, 379
396, 378

544, 351
540, 356
539, 356
551, 359
551, 362
548, 362
552, 365
552, 368
560, 371
562, 376
561, 376
562, 377
563, 379
560, 378
559, 377
561, 376
558, 376
553, 371
552, 368
543, 364
543, 363
548, 362
539, 356
540, 356
537, 354

555, 376
558, 376
559, 377

362, 359
363, 360
379, 361
377, 364
384, 365
392, 373
390, 376
373, 371
377, 364
364, 361
363, 360
361, 359

401, 367
404, 369
408, 370
413, 374
404, 369
401, 368

352, 365
373, 371
373, 372

510, 362
517, 364
509, 368
508, 370
503, 371
502, 371
509, 368

455, 361
477, 366
480, 370
455, 367

373, 351
381, 356
379, 360
380, 361
392, 362
396, 365
395, 367
384, 365
380, 361
379, 361
379, 360
371, 353

487, 354
484, 367
477, 366
457, 345

267, 352
273, 355
274, 356
274, 357
260, 357
259, 361
245, 366
236, 364
231, 359
260, 357
261, 353

116, 345
120, 341
114, 340
114, 338
124, 339
120, 341
124, 342
122, 364

411, 353
421, 355
425, 365
415, 364

169, 356
173, 363
166, 364
164, 360

516, 334
514, 320
500, 316
496, 307
496, 303
503, 302
497, 298
498, 297
508, 292
502, 288
504, 287
510, 290
510, 291
508, 292
511, 294
511, 300
503, 302
512, 308
514, 320
519, 322
516, 334
516, 338
518, 339
524, 340
519, 340
537, 354
536, 355
540, 356
537, 359
543, 363
542, 363
536, 361
537, 359
534, 356
536, 355
530, 353
517, 342
516, 341
519, 340
518, 339
516, 339

588, 355
599, 363
586, 355

515, 352
520, 362
520, 363
514, 351
513, 351
513, 350

385, 347
393, 349
384, 349
384, 350
398, 362
398, 363
392, 362
381, 356
384, 350
383, 349
384, 349

337, 357
345, 358
345, 362
336, 359

104, 314
104, 315
102, 317
102, 318
104, 318
103, 336
102, 337
103, 337
103, 338
102, 338
102, 337
98, 337
102, 338
96, 344
76, 361
102, 318
101, 318
102, 317

225, 360
223, 361
223, 360

445, 359
446, 356
447, 357
448, 360

321, 355
325, 356
328, 357
336, 359
336, 360
325, 356
322, 356

345, 356
347, 358
345, 358

453, 345
449, 358
447, 357
447, 355

237, 349
241, 349
243, 354
229, 358
228, 357

514, 348
530, 353
534, 356
529, 358
515, 352

433, 346
435, 348
434, 357
421, 355
419, 347

271, 351
272, 352
285, 353
276, 356
273, 355
272, 352
269, 352

311, 354
312, 355
304, 355

299, 354
304, 355
300, 355

141, 346
151, 348
144, 355
139, 348

326, 328
332, 336
334, 337
333, 337
333, 338
327, 339
316, 343
321, 353
319, 354
308, 350
306, 346
316, 343
316, 342
327, 339
333, 337
332, 336
312, 332

167, 343
173, 343
167, 350
172, 351
172, 352
166, 351
167, 350
165, 350
163, 347

339, 336
340, 337
336, 337
341, 338
344, 341
341, 349
343, 352
339, 352
341, 349
333, 338
336, 337
334, 337

308, 350
310, 352
299, 348
302, 348
296, 346
302, 345
303, 347
302, 348

576, 345
579, 347
578, 348
580, 348
582, 350
580, 351
578, 350
578, 348

412, 347
411, 350
410, 348

362, 332
380, 346
383, 349
375, 350
380, 346
359, 342
351, 334

574, 347
578, 348
577, 349

521, 313
538, 324
540, 328
548, 331
549, 338
545, 339
547, 343
549, 344
550, 349
547, 343
524, 340
545, 339
540, 328
519, 322

156, 342
161, 342
163, 347
160, 349

508, 341
512, 348
496, 343
493, 342

408, 342
410, 348
405, 348

200, 322
205, 324
204, 325
211, 330
206, 337
218, 347
200, 346
206, 337
199, 330
204, 325
199, 322

287, 340
291, 344
296, 346
293, 347
291, 344
283, 341

145, 341
156, 342
151, 347
141, 345

509, 338
513, 339
515, 340
515, 341
511, 341
514, 343
513, 347
511, 341
510, 340

305, 334
312, 332
316, 342
305, 344
306, 346
304, 347
302, 345
305, 344
300, 336
305, 335

78, 283
78, 285
83, 286
80, 294
92, 294
99, 302
67, 347
80, 294
73, 293
78, 285
73, 284

189, 323
175, 341
176, 344
179, 344
177, 346
176, 344
173, 343
175, 341
174, 337

426, 321
427, 324
439, 328
442, 328
446, 333
446, 341
453, 344
453, 345
447, 345
446, 341
437, 338
439, 328
429, 327
427, 324
425, 324

515, 339
513, 339
508, 334
506, 330
516, 337
515, 339
516, 339
516, 341
515, 341
517, 342
517, 345
514, 343
515, 341

454, 342
455, 343
454, 344

445, 329
443, 329
453, 332
454, 342
446, 333

240, 327
256, 332
250, 333
254, 335
245, 342
236, 338
236, 336
250, 333
239, 330

471, 333
490, 335
489, 341

347, 337
354, 341
345, 339

385, 321
398, 322
397, 324
395, 325
396, 325
394, 330
405, 330
389, 341
394, 330
376, 329
395, 325
383, 321

113, 338
113, 340
103, 338

550, 331
564, 336
566, 337
560, 338

477, 309
493, 322
492, 327
506, 337
506, 338
490, 335
492, 327
471, 312
473, 308

345, 334
345, 335
344, 336
342, 334

232, 328
239, 330
236, 336

267, 325
275, 325
278, 328
266, 330
265, 335
261, 334
260, 332
266, 330
267, 325
266, 325
268, 323
253, 320
248, 312
253, 302
241, 300
238, 295
246, 289
254, 300
253, 302
257, 302
269, 317
267, 323

444, 304
450, 300
452, 301
452, 302
447, 314
444, 314
445, 321
453, 325
453, 330
457, 331
457, 333
453, 332
453, 330
443, 329
445, 329
445, 321
441, 320
442, 315
444, 314

351, 328
358, 328
359, 329
348, 332

259, 331
260, 332
257, 332

423, 326
429, 327
431, 331
421, 331

125, 319
126, 319
125, 320
124, 331
120, 326
122, 322
125, 320

413, 324
418, 325
415, 330
414, 330
412, 325

412, 324
412, 325
408, 328
411, 330
412, 330
407, 329
408, 328
403, 324
402, 323

476, 307
478, 309
494, 314
493, 320
500, 326
502, 330
493, 322
493, 320
478, 309
477, 309
475, 308

404, 328
407, 329
405, 330

468, 309
471, 312
462, 329
461, 328

361, 314
366, 316
361, 317
378, 319
383, 321
361, 328
358, 328
353, 324
354, 319
355, 319
361, 317
358, 317

107, 318
113, 318
116, 322
110, 328

202, 319
209, 321
207, 322
214, 322
216, 323
213, 328
205, 324
207, 322
200, 322

440, 327
441, 328
439, 328

312, 310
314, 310
321, 320
318, 321
323, 323
325, 327
310, 326
308, 323
318, 321
310, 316

286, 325
277, 315
278, 315
286, 325
293, 326
287, 327

275, 325
286, 325
287, 327
285, 327

165, 315
167, 321
175, 321
170, 327
167, 321
161, 320

309, 323
308, 323
308, 326
300, 326
299, 324

149, 322
151, 325
150, 326
148, 323

126, 295
125, 312
119, 319
124, 319
122, 322
119, 325
116, 322
119, 319
113, 318
108, 312

224, 308
225, 310
222, 314
227, 315
230, 323
219, 319
222, 314
218, 313

399, 321
402, 323
403, 323
398, 322

147, 320
149, 322
148, 323

213, 317
219, 319
216, 323
214, 322
209, 321

193, 319
181, 314
182, 313
188, 315
194, 318
193, 319
194, 319
191, 322

421, 319
422, 319
424, 318
424, 319
422, 319
420, 320
419, 322
418, 322

415, 300
418, 303
416, 303
419, 310
418, 310
420, 311
423, 316
421, 319
414, 321
410, 320
408, 313
418, 310
407, 305
416, 303
415, 301

237, 293
238, 295
234, 299
241, 300
248, 312
245, 319
227, 315
225, 310
231, 301
234, 299
233, 299

175, 305
187, 307
186, 308
199, 312
195, 317
196, 317
195, 319
194, 318
195, 317
188, 315
183, 311
186, 308

356, 316
358, 317
355, 319

452, 312
453, 315
445, 318
447, 314

404, 304
406, 304
406, 305
397, 307
400, 316
398, 316
388, 313
384, 310
392, 308
397, 307
397, 306

406, 306
408, 313
402, 315

345, 302
361, 306
357, 313
359, 313
357, 314
357, 313
344, 309
344, 303

173, 310
180, 312
181, 314

289, 305
295, 308
303, 309
305, 313
295, 308
288, 307
288, 306

105, 294
115, 295
106, 310
108, 312
106, 313
105, 312
106, 310
104, 308

331, 306
336, 310
333, 312

528, 284
525, 296
532, 311
523, 304
525, 296
521, 287

303, 296
301, 295
302, 294
298, 288
306, 291
302, 294
303, 296
315, 299
312, 309

198, 294
213, 296
201, 310
187, 307

465, 305
469, 306
468, 308
467, 309
465, 307

384, 295
395, 300
397, 306
392, 308
383, 309
374, 303

101, 299
104, 308
99, 302

467, 300
471, 303
470, 303
474, 306
472, 307
469, 306
470, 303

275, 296
286, 303
288, 306
287, 307
281, 306

482, 291
482, 292
474, 306
471, 303
475, 293

174, 305
173, 306
170, 303

133, 295
133, 296
136, 297
135, 299
136, 301
131, 306
135, 299
133, 296
129, 295

405, 303
408, 303
411, 296
413, 298
415, 301
408, 303
407, 305

317, 294
329, 304
315, 299

164, 297
167, 292
172, 290
181, 292
170, 303

160, 299
162, 300
161, 302
160, 301

451, 289
448, 286
448, 285
446, 283
449, 279
449, 277
448, 285
451, 288
451, 289
456, 292
454, 296
452, 297
453, 299
452, 301
452, 297

446, 284
448, 286
446, 293
451, 297
445, 298
445, 299
449, 300
445, 301
445, 299
443, 298
445, 298
446, 293
443, 291
443, 290

434, 295
439, 297
438, 299
431, 301

137, 297
139, 297
138, 299
137, 297
136, 297
137, 296
136, 295
133, 295
130, 291
131, 290
134, 291
136, 295
137, 295

232, 286
233, 287
223, 298
220, 297

312, 257
319, 259
320, 264
324, 266
324, 269
329, 271
324, 276
329, 297
317, 294
321, 278
324, 276
323, 272
324, 269
322, 268
320, 264

217, 291
220, 297
219, 297
213, 296

297, 294
301, 295
299, 296

157, 293
158, 295
159, 296
158, 296
158, 295
156, 294

128, 275
139, 283
136, 285
142, 286
139, 292
143, 293
141, 295
137, 295
139, 292
134, 291
133, 288
136, 285
131, 285
128, 276

438, 287
441, 290
439, 293
434, 295

267, 284
275, 287
273, 294

463, 257
464, 258
468, 265
466, 269
471, 272
474, 276
472, 282
478, 285
475, 293
469, 294
472, 282
463, 276
466, 269
458, 265

276, 257
278, 260
277, 261
280, 263
278, 274
289, 286
295, 287
297, 294
289, 286
276, 282
278, 274
271, 268
272, 265
277, 261
275, 259

114, 284
121, 286
117, 293
108, 291
109, 289

454, 270
463, 276
456, 292
451, 288
451, 275

208, 263
209, 264
207, 265
211, 275
205, 279
191, 284
184, 292
181, 292
186, 286
191, 284
205, 266
207, 265

442, 288
443, 290
442, 291
441, 290

541, 278
542, 279
541, 279
541, 280
539, 281
542, 283
543, 291
535, 282
539, 281
538, 280
541, 279

486, 284
488, 290
486, 291
483, 289

176, 277
168, 290
169, 290
162, 289

286, 253
322, 268
323, 272
321, 278
310, 288
288, 269
282, 256

83, 283
86, 286
83, 286

490, 278
497, 284
500, 285
500, 286
497, 284
489, 280

38, 277
53, 279
38, 281
38, 285
23, 285
23, 283
38, 281

221, 268
222, 268
220, 269
214, 277
212, 277
212, 278
211, 280
197, 285
205, 279
212, 277
211, 275
220, 269

401, 285
399, 284
399, 283

273, 281
276, 282
275, 285

149, 273
143, 285
139, 283

470, 247
473, 254
469, 262
476, 268
475, 273
481, 276
478, 284
474, 276
475, 273
471, 272
468, 265
469, 262
464, 258
463, 256

128, 276
127, 284
126, 284
121, 275
124, 272
121, 271
125, 270
125, 271
124, 272

84, 278
95, 279
96, 283
83, 283

106, 281
110, 282
105, 283

220, 275
214, 278
213, 279
209, 282
211, 280
213, 279
212, 278
214, 277

535, 281
535, 282
534, 282

442, 281
441, 281
442, 280

326, 261
336, 265
330, 270
334, 273
343, 277
343, 280
334, 273
329, 271
330, 270
324, 266

245, 275
247, 278
246, 280
242, 278

78, 277
82, 278
80, 280

81, 244
85, 247
87, 254
73, 259
69, 268
84, 273
83, 276
64, 278
69, 268
59, 265
73, 259

234, 271
243, 273
244, 274
241, 277
233, 273
232, 273

369, 239
373, 240
378, 244
383, 258
380, 263
385, 268
375, 277
374, 277
380, 263
362, 243
366, 239

245, 274
249, 275
248, 277

543, 251
546, 258
546, 253
543, 251
538, 241
543, 218
546, 253
568, 268
548, 276
538, 250
537, 247

480, 237
481, 237
485, 240
477, 265
480, 270
483, 273
482, 275
480, 270
476, 268
477, 265
473, 254

91, 251
93, 252
91, 253
89, 260
90, 262
88, 265
85, 274
88, 275
85, 275
85, 274
84, 273
88, 265
89, 260
87, 254
91, 253

241, 268
245, 274
243, 273
240, 269

230, 271
231, 272
225, 274
225, 273

95, 253
106, 261
106, 273
94, 274
90, 262

273, 257
275, 259
272, 265
270, 267
271, 268
268, 273
267, 270
270, 267
264, 260

153, 267
150, 272
148, 267

118, 269
121, 271
119, 271
118, 270

234, 260
237, 263
236, 264
238, 266
235, 270
233, 270
230, 269
229, 268
236, 264
233, 260

136, 235
140, 244
147, 246
142, 252
148, 267
128, 270
128, 268
142, 252
140, 244
131, 242
134, 236

386, 268
386, 269
385, 268

206, 263
207, 265
205, 266
200, 269

253, 248
255, 251
257, 253
250, 254
245, 258
238, 265
240, 268
239, 268
238, 266
238, 265
237, 263
245, 258
248, 254
250, 254
255, 251
252, 249

450, 247
455, 251
453, 258
451, 262
452, 263
451, 268
450, 264
451, 262
450, 261

194, 232
195, 236
186, 246
192, 250
188, 258
199, 261
185, 263
183, 265
182, 263
185, 263
188, 258
178, 255
186, 246
181, 244

280, 262
281, 264
280, 263

205, 260
206, 263
199, 261

216, 259
213, 262
210, 260
211, 259
216, 259
214, 256
216, 253
216, 252
221, 246
206, 227
205, 226
205, 225
206, 225
212, 218
215, 212
216, 211
217, 211
217, 210
221, 202
228, 200
217, 210
217, 211
216, 211
215, 212
217, 213
212, 218
207, 225
206, 225
207, 226
206, 227
207, 227
222, 245
221, 246
222, 246
216, 253
220, 257

389, 252
397, 258
393, 261
390, 256

76, 216
78, 223
60, 222
77, 227
39, 261
41, 227

268, 253
272, 256
263, 260
262, 259

359, 240
362, 243
343, 259
342, 242

264, 254
261, 258
261, 257
264, 254
265, 252
267, 252
266, 251
269, 246
268, 245
266, 244
267, 243
261, 241
264, 239
262, 237
264, 236
273, 231
272, 229
273, 229
275, 230
273, 231
273, 232
264, 239
267, 243
268, 245
270, 246
269, 246
270, 248

227, 252
230, 257
221, 258
220, 257

433, 253
434, 254
432, 255

244, 241
245, 241
231, 256
228, 252

281, 253
282, 254
282, 255
277, 256
278, 254
281, 253
280, 250
283, 251

197, 241
203, 256
192, 250

176, 254
178, 255
177, 256

251, 248
252, 249
248, 254
240, 255

393, 234
390, 233
389, 232
382, 229
381, 227
382, 226
389, 232
394, 233
393, 234
395, 235
393, 236
408, 249
407, 250
410, 251
413, 254
406, 250
407, 250
404, 249
390, 241
393, 236

291, 249
289, 250
293, 251
285, 253
289, 250
288, 250

396, 247
404, 249
406, 250
404, 252

271, 244
273, 245
271, 246
274, 248
272, 250
272, 251
270, 252
272, 250
270, 248
271, 246
270, 246

169, 237
181, 244
173, 251
167, 241

378, 241
383, 243
387, 249
386, 250
378, 244

276, 246
279, 247
280, 250
274, 248

160, 232
167, 241
162, 250
147, 246

440, 239
446, 244
439, 249
439, 241

308, 215
309, 217
305, 220
310, 221
312, 230
314, 240
297, 246
299, 248
290, 249
297, 246
295, 245
312, 230
295, 229
305, 220
302, 219

245, 242
248, 244
240, 248

334, 231
337, 231
334, 232
332, 238
315, 244
316, 246
305, 247
315, 244
314, 240
334, 232

516, 190
526, 213
524, 216
536, 246
515, 232
524, 216
514, 193

342, 235
342, 242
331, 244
332, 238

259, 241
257, 244
254, 241
256, 240

452, 215
458, 220
460, 224
459, 230
461, 231
458, 233
456, 242
453, 237
458, 233
459, 230
449, 226
448, 222
450, 218
452, 215
451, 215
452, 214
451, 213
452, 211

386, 239
390, 241
390, 242

131, 220
132, 224
136, 224
133, 225
135, 233
134, 236
130, 238
129, 241
124, 240
130, 238
130, 225
133, 225
132, 224
130, 224

481, 235
485, 238
485, 239
481, 237
480, 237

249, 237
250, 238
248, 237

287, 237
286, 238
285, 238

247, 237
246, 236
235, 231
238, 228
237, 228
237, 227
238, 228
245, 234
246, 236
248, 236
249, 237

374, 232
369, 237
361, 232
354, 231
359, 230
361, 232

277, 229
278, 229
276, 231
279, 233
275, 237
273, 232
276, 231
275, 230

376, 231
377, 232
384, 237
383, 237
379, 235
377, 232
375, 232

110, 236
108, 235
108, 230

395, 233
396, 233
397, 234
399, 235
398, 235
397, 234

107, 229
108, 230
105, 235
96, 232
96, 231

212, 206
217, 210
216, 211
214, 211
215, 212
204, 222
206, 225
205, 225
205, 226
204, 227
206, 227
201, 235
201, 234
200, 231
204, 227
199, 226
200, 226
205, 225
203, 223
204, 222
197, 214
214, 211
210, 207

469, 228
474, 232
472, 234
467, 233

79, 227
88, 230
86, 233
81, 234

438, 223
439, 223
438, 224
438, 230
437, 230
438, 232
438, 234
433, 234
429, 231
437, 230
434, 227
438, 224

430, 231
429, 231
426, 234
424, 234
425, 232

281, 229
287, 229
280, 234
279, 233

375, 232
375, 233
374, 232

379, 223
380, 224
381, 227
380, 228
382, 229
383, 232
377, 232
377, 231
380, 228
374, 225

207, 225
213, 224
225, 221
217, 213
218, 211
217, 210
219, 210
229, 200
233, 208
219, 210
218, 211
229, 220
225, 221
226, 222
213, 224
209, 225
215, 227
231, 227
232, 228
231, 229
234, 230
234, 231
233, 232
215, 227
207, 227

199, 226
198, 228
200, 231
199, 232
197, 229
198, 228
197, 227
198, 226
196, 226
190, 215
195, 214
194, 213
196, 212
197, 214
195, 214
203, 223
200, 226

337, 208
341, 209
340, 213
342, 214
342, 217
352, 225
347, 227
350, 231
342, 231
342, 229
347, 227
342, 222
342, 217
339, 215
340, 213
335, 210

462, 230
463, 231
461, 231

485, 211
475, 230
470, 227
474, 220

287, 230
287, 229
289, 223
297, 218
295, 217
298, 215
297, 218
295, 222

176, 226
191, 226
192, 227
173, 230

447, 226
449, 226
449, 229

267, 216
262, 221
269, 225
264, 228
256, 228
262, 221
262, 220
265, 216

250, 219
258, 217
262, 220
256, 228

240, 224
242, 228
238, 228

238, 218
238, 220
230, 221
234, 225
232, 227
231, 227
226, 222
230, 221
229, 220

50, 65
95, 98
83, 120
96, 139
71, 144
70, 144
70, 145
60, 165
67, 189
41, 225
41, 227
40, 227
41, 225
42, 199
60, 165
54, 147
70, 144
71, 144
83, 120
50, 73

283, 214
282, 214
276, 221
270, 225
271, 227
269, 225
270, 225
267, 216

195, 226
196, 226
197, 227
195, 227

350, 204
368, 215
370, 218
364, 221
373, 225
369, 226
363, 221
364, 221
358, 218
342, 205

180, 209
183, 212
176, 217
172, 218
168, 223
162, 225
155, 225
153, 221
172, 218

448, 215
450, 214
451, 215
450, 218
448, 222

140, 224
140, 225
136, 224

324, 204
326, 205
328, 207
327, 207
332, 212
319, 224
310, 221
309, 217
319, 208
328, 207

123, 201
111, 224
108, 224
109, 206

103, 208
101, 214
105, 223
98, 223
101, 214
98, 209

98, 209
91, 223
81, 223
96, 210

512, 183
513, 183
514, 187
512, 188
514, 193
503, 223
502, 223
500, 202
505, 194
512, 188
511, 185

290, 216
295, 217
289, 222

495, 203
490, 214
491, 215
487, 221
490, 214
485, 211

372, 217
375, 220
372, 218

246, 216
243, 220
238, 220
241, 218

425, 217
427, 218
427, 219
425, 218

136, 197
145, 210
131, 218
132, 198

370, 217
372, 218
371, 218

454, 211
457, 217
452, 214

183, 212
186, 215
184, 216
180, 217
183, 212
184, 211
184, 209
183, 206
184, 205
181, 200
178, 192
186, 202
184, 205
185, 208
184, 209
185, 210

251, 213
254, 215
248, 216

293, 212
290, 216
291, 212

186, 209
189, 214
187, 215
187, 216
186, 216
186, 215
187, 215
185, 210

189, 215
190, 215
187, 216

412, 202
420, 210
411, 213
412, 214
409, 213
411, 213
406, 206
409, 203

291, 211
291, 212
288, 213

404, 179
422, 193
407, 195
412, 201
409, 203
405, 205
406, 206
402, 209
405, 212
400, 210
402, 209
400, 208
400, 207
405, 205
402, 200
400, 207
399, 207
400, 208
399, 210
395, 209
399, 207
387, 198
407, 195
395, 181

262, 203
264, 208
270, 210
269, 211
265, 212
264, 208
257, 206
259, 203

190, 205
195, 211
193, 211
189, 206

507, 175
510, 181
506, 182
510, 183
511, 185
505, 194
499, 199
500, 202
494, 211
497, 201
499, 199
499, 195
500, 190
504, 183
506, 182
504, 182

270, 210
277, 200
281, 199
272, 210

305, 203
315, 200
307, 209
306, 210

319, 193
316, 195
318, 197
317, 198
319, 199
318, 200
319, 201
324, 204
323, 205
315, 209
307, 210
306, 209
307, 209
319, 201
316, 200
318, 200
316, 199
317, 198
314, 197
316, 195
315, 194

463, 194
464, 196
463, 196
465, 197
464, 201
455, 209
461, 197
463, 196
462, 195

457, 198
453, 209
449, 200

164, 189
170, 196
147, 208
155, 191

324, 204
323, 205
320, 207

327, 203
333, 206
329, 207
326, 205
325, 204

233, 195
235, 197
232, 198
233, 199
237, 200
239, 204
242, 206
241, 206
239, 204
233, 199
231, 199
232, 198
231, 198

261, 169
269, 173
260, 178
274, 178
269, 184
256, 189
259, 196
252, 205
251, 205
237, 200
235, 197
256, 189
253, 181
260, 178
252, 178

201, 197
209, 203
208, 204

187, 186
188, 186
194, 191
194, 193
187, 201
188, 203
187, 204
186, 202
187, 201
179, 190

436, 204
436, 203
438, 204

304, 195
303, 197
305, 202
304, 203
298, 204
303, 197
303, 196

280, 180
270, 192
264, 194
260, 199
261, 201
259, 203
256, 204
260, 199
259, 196
269, 184
280, 180
277, 178
274, 178
275, 177
269, 173
276, 170
279, 172
275, 177
277, 178
282, 178

433, 200
433, 201
434, 200
435, 203
433, 201
434, 200

345, 193
343, 199
345, 201
342, 203
343, 199
341, 198
341, 195

337, 195
337, 196
333, 199
334, 199
328, 202
333, 199
331, 197
333, 196

529, 176
540, 181
540, 187
532, 202
530, 187
518, 184
518, 183
524, 178
530, 182
530, 187
538, 188
530, 182

373, 200
373, 201
371, 200

447, 194
449, 200
448, 201

427, 196
430, 198
430, 199
426, 196

328, 186
329, 186
326, 188
330, 191
324, 192
328, 195
323, 198
320, 199
318, 197
323, 192
324, 192
324, 191
326, 188

226, 194
227, 195
226, 195
228, 198
230, 198
229, 199
228, 198
225, 197
225, 195
226, 195

230, 198
231, 199
229, 199

466, 195
465, 197
464, 196

313, 196
314, 197
313, 197

236, 178
249, 178
239, 188
231, 192
233, 195
231, 197
227, 195
231, 192
229, 189

506, 172
503, 181
504, 182
504, 183
502, 183
500, 190
499, 194
498, 187
499, 184
502, 183
503, 181
501, 181

345, 192
347, 192
345, 193

447, 171
448, 171
447, 172
453, 180
464, 180
463, 182
456, 185
460, 190
459, 193
450, 187
456, 185
453, 180
443, 180
447, 172

404, 179
423, 180
427, 188
422, 192

431, 174
433, 175
433, 180
434, 180
435, 181
432, 183
431, 191
429, 192
427, 188
432, 183
433, 180
423, 180
420, 176
421, 176

316, 182
326, 188
323, 191
314, 184
315, 182

190, 187
196, 188
195, 191

434, 173
434, 176
438, 179
437, 180
440, 180
441, 181
442, 183
438, 190
435, 191
435, 181
437, 180
434, 180
434, 176
433, 175

298, 180
297, 184
301, 187
302, 191
301, 191
296, 188
297, 184
295, 183

175, 186
179, 190
177, 191

336, 189
339, 190
334, 190

305, 178
307, 178
308, 179
314, 181
312, 182
314, 184
311, 190
308, 186
312, 182
308, 179

361, 187
363, 185
368, 185
369, 188
362, 189

340, 189
340, 190
339, 190

354, 162
356, 169
353, 171
357, 175
352, 178
353, 178
352, 179
353, 179
356, 183
352, 186
353, 187
349, 188
346, 190
346, 188
349, 188
352, 186
350, 181
352, 179
351, 179
352, 178
350, 175
351, 173
353, 171
352, 170

440, 180
438, 179
439, 177
437, 173
446, 171
447, 171
439, 177
440, 180
443, 180
442, 182
450, 187
445, 189
442, 183
442, 182

341, 186
341, 189
339, 187

203, 177
206, 180
198, 189
196, 188
202, 177

359, 186
354, 188
353, 187

361, 186
361, 185
366, 182
363, 179
366, 179
367, 182
366, 182
363, 185
361, 186
361, 187
360, 188
359, 186

393, 179
398, 179
394, 180
395, 181
373, 187
369, 184
394, 180

252, 178
253, 181
242, 187

497, 180
501, 181
499, 184
497, 185

168, 177
172, 177
173, 182
180, 184
175, 185
173, 182
171, 181

521, 177
518, 183
517, 184
513, 183
515, 179

340, 163
340, 164
341, 173
335, 179
341, 179
334, 183
333, 182
335, 179
329, 179
324, 174
336, 164

293, 174
297, 175
294, 178
298, 178
297, 180
293, 182
292, 181
294, 178
288, 178
287, 177

165, 177
167, 177
169, 181

352, 158
353, 160
347, 167
352, 170
351, 173
349, 174
350, 175
349, 179
351, 179
349, 180
349, 179
347, 175
349, 174
345, 169
347, 167
341, 162

378, 161
383, 165
382, 166
383, 167
370, 179
366, 179
365, 177
382, 166
377, 161

358, 175
359, 179
353, 179
353, 178
357, 174

321, 171
324, 174
317, 179

568, 114
571, 131
566, 140
568, 141
565, 142
563, 146
560, 149
559, 152
556, 152
542, 163
549, 168
539, 171
540, 179
535, 173
539, 171
539, 166
542, 163
538, 160
538, 155
556, 152
560, 149
561, 143
565, 142
566, 140
562, 137

303, 175
305, 177
304, 178
301, 177

202, 177
203, 176
212, 174
215, 170
216, 172
212, 174
208, 177

181, 177
168, 164
173, 155
164, 149
178, 136
181, 137
173, 155
202, 177

168, 169
177, 177
172, 177

526, 151
527, 157
523, 158
527, 162
520, 172
523, 173
521, 176
518, 174
520, 172
510, 167
514, 160
514, 159
523, 158
520, 154
524, 151

484, 151
494, 158
492, 159
494, 160
495, 163
476, 166
472, 176
470, 175
471, 167
476, 166
478, 162
492, 159
482, 154

406, 149
411, 158
410, 159
413, 161
415, 165
420, 166
430, 173
421, 176
420, 176
415, 165
402, 163
410, 159
401, 153

249, 162
258, 168
251, 176
246, 163

196, 142
203, 144
211, 161
210, 162
213, 166
215, 170
203, 176
210, 162

479, 126
483, 127
476, 146
475, 149
474, 151
482, 154
478, 162
472, 163
471, 167
468, 167
466, 175
448, 171
468, 167
469, 164
472, 163
474, 151
474, 150
475, 149
475, 147
476, 146
475, 145

529, 175
528, 175
523, 173
527, 162

494, 158
500, 162
499, 162
502, 163
502, 164
504, 168
496, 175
495, 163
499, 162
494, 160

153, 158
164, 172
163, 175
151, 160

299, 173
292, 167
299, 171

420, 166
413, 161
411, 158
428, 150
423, 138
430, 148
428, 150
433, 162
434, 169

441, 122
438, 119
439, 118
441, 117
440, 117
443, 114
443, 115
441, 117
443, 117
442, 121
441, 122
442, 122
441, 126
433, 131
440, 135
438, 144
432, 147
432, 151
436, 157
435, 166
436, 169
443, 170
437, 172
436, 169
434, 169
435, 166
433, 162
432, 151
430, 148
432, 147
431, 133
433, 131
431, 130
430, 126
437, 123
434, 122
435, 122
437, 123

238, 156
245, 160
239, 165
217, 172
215, 170
216, 169

155, 157
157, 160
166, 168
164, 172
157, 160
154, 158

406, 113
409, 118
407, 119
411, 121
417, 130
411, 134
401, 138
402, 140
391, 147
395, 149
380, 159
389, 161
384, 164
385, 166
390, 169
386, 171
383, 167
385, 166
383, 165
384, 164
378, 160
380, 159
375, 158
374, 157
391, 147
387, 144
401, 138
394, 125
407, 119
401, 117

449, 139
461, 144
449, 169
446, 170
436, 157
438, 144

287, 164
285, 165
280, 170
277, 169
285, 165
286, 163

218, 149
230, 153
216, 169
215, 170
213, 166
211, 161

340, 162
341, 162
341, 163
345, 169
344, 170
340, 164
340, 163
341, 163

98, 146
81, 170
77, 160

391, 161
402, 163
390, 169
385, 166

472, 149
474, 150
469, 164
449, 169

559, 152
560, 152
563, 146
573, 138
571, 131
577, 120
584, 128
573, 138
575, 149
560, 152
558, 154
556, 166
551, 168

287, 164
292, 167
291, 168

511, 162
512, 160
514, 160
511, 162
509, 166
507, 166

110, 113
113, 114
112, 125
112, 126
104, 138
97, 139
96, 140
76, 158
77, 160
68, 166
76, 158
70, 145
70, 144
96, 140
96, 139
97, 139
112, 125
103, 114

509, 160
508, 165
507, 166
504, 164
503, 161

309, 160
311, 163
306, 165
306, 164

315, 161
313, 164
311, 163

244, 158
247, 159
245, 160
246, 161
246, 162

277, 157
279, 157
285, 162

297, 150
303, 155
302, 156
293, 161
289, 160

157, 139
157, 140
158, 144
164, 149
161, 151
165, 161
158, 154
161, 151
158, 144
155, 142
157, 140
156, 140

278, 154
282, 158
279, 157
276, 155

496, 127
497, 128
496, 130
501, 131
504, 133
514, 146
511, 154
501, 157
492, 136
494, 131
496, 130
495, 129

249, 149
239, 143
245, 136
257, 144
255, 147
250, 150
253, 150
252, 152
254, 153
248, 157
252, 152

136, 137
142, 145
140, 146
149, 154
148, 156
135, 140

274, 150
277, 153
275, 154
276, 155
275, 156
273, 155
275, 154
272, 152

231, 152
237, 156
230, 153

304, 145
305, 145
303, 155
304, 156
303, 156
303, 155
300, 147
301, 146

331, 151
333, 153
329, 154

355, 143
354, 143
358, 147
358, 149
351, 154
351, 153
349, 146
354, 143
346, 138
346, 136

240, 147
249, 149
250, 150
242, 154

137, 133
140, 132
145, 141
147, 143
151, 150
149, 154
142, 145
147, 143

263, 145
272, 152
271, 153
261, 147

517, 150
518, 151
517, 153
516, 153

416, 124
422, 127
418, 129
419, 131
418, 131
419, 132
403, 143
406, 147
400, 152
395, 149
403, 143
402, 140
411, 134
418, 131
417, 130
418, 129

363, 149
367, 152
366, 152
363, 150

343, 136
346, 138
349, 146
340, 150
340, 151
337, 151
340, 150
340, 138

258, 145
261, 147
256, 151
253, 150
255, 147

376, 136
387, 144
369, 151
366, 147

521, 122
535, 124
536, 138
535, 142
526, 149
526, 150
525, 150
526, 149
524, 136
517, 134

338, 139
332, 149
333, 150
332, 150
332, 149
330, 144
332, 141

48, 94
70, 144
54, 147
45, 149
45, 148
54, 147
47, 123

551, 128
562, 137
561, 143
537, 148
537, 146
547, 132

153, 141
155, 142
152, 148
147, 143

360, 141
359, 146
355, 143

296, 127
302, 131
297, 136
299, 144
290, 142
297, 136
294, 128

103, 139
99, 144
96, 140

237, 141
239, 143
238, 144

339, 134
332, 141
329, 143
326, 138

293, 125
294, 128
285, 139
288, 142
283, 141
285, 139
279, 133

502, 131
517, 134
515, 142
504, 133

326, 100
329, 105
315, 113
323, 119
322, 121
317, 117
316, 118
319, 124
314, 130
322, 139
315, 142
308, 137
314, 130
309, 124
316, 118
313, 114
315, 113
312, 111
313, 114
311, 115
309, 124
310, 124
305, 118
311, 115
312, 111
311, 110
313, 108
315, 102

209, 121
213, 123
215, 125
226, 133
222, 142
206, 138
202, 136
213, 123
208, 121

261, 136
262, 137
270, 138
266, 141
262, 137
261, 137

364, 126
360, 140
352, 131
359, 128

307, 136
308, 137
306, 140

194, 125
199, 136
190, 134
186, 128
188, 127

278, 133
279, 133
274, 136

254, 111
255, 113
241, 115
253, 127
247, 133
249, 135
247, 134
247, 133
233, 122
236, 116
241, 115
240, 113

488, 128
491, 134
490, 134

425, 128
426, 128
423, 129
420, 132
421, 134
419, 132
420, 132
419, 131

132, 133
133, 134
130, 134
130, 133

334, 127
339, 132
339, 133
340, 133
333, 129

341, 119
343, 128
342, 130
340, 132
339, 132
339, 121

185, 128
186, 128
184, 130

134, 122
136, 125
136, 128
139, 130
140, 131
136, 132
136, 128
131, 124

164, 127
167, 128
163, 129
162, 130
158, 129
163, 129

355, 95
358, 97
357, 98
359, 98
345, 123
347, 125
343, 129
343, 128
345, 123
341, 118
357, 98
350, 96

489, 118
490, 128
488, 128
485, 121
485, 120

150, 123
164, 127
156, 128
151, 127

120, 117
128, 127
125, 128
118, 119

492, 116
508, 119
499, 127
491, 117

119, 115
118, 115
117, 114
116, 112
119, 115
120, 115
120, 116
121, 117
131, 124
129, 126
121, 117

116, 121
113, 126
112, 125

452, 109
463, 111
457, 115
448, 119
451, 119
444, 124
442, 122
442, 121
448, 119
443, 117
443, 115

374, 94
375, 95
378, 96
382, 102
391, 106
400, 108
398, 108
404, 111
406, 113
399, 116
401, 117
393, 123
390, 118
399, 116
391, 112
398, 108
391, 106
382, 104
382, 102
372, 98
373, 95

137, 120
138, 120
136, 121
136, 122
135, 122

479, 106
479, 107
482, 114
485, 120
480, 122
482, 114
476, 113
479, 107
478, 106

206, 120
208, 121
201, 122

307, 101
308, 104
295, 106
301, 113
292, 121
288, 107
295, 106
294, 104

241, 106
238, 112
240, 113
237, 114
236, 116
228, 117
229, 119
226, 118
228, 117
227, 116
237, 114
238, 112
235, 108

210, 105
211, 106
206, 111
214, 117
209, 119
207, 119
201, 115
206, 111
199, 107

309, 107
311, 110
304, 117
301, 113

411, 112
412, 114
416, 115
413, 117
412, 114
409, 112

226, 112
227, 116
225, 116
222, 114

127, 111
122, 116
120, 115
123, 111

414, 111
422, 113
418, 114
412, 111

221, 113
222, 114
220, 114

527, 103
534, 104
534, 114
529, 110
525, 107

378, 95
395, 98
401, 106
401, 107
402, 108
407, 109
410, 111
408, 112
404, 111
402, 108
400, 108
401, 107
401, 106
378, 96

278, 109
276, 112
273, 109

476, 102
478, 106
466, 111
463, 111

429, 106
429, 109
425, 111
422, 108

284, 95
285, 98
279, 106
271, 108
273, 109
268, 110
270, 108
271, 108
271, 107
281, 95

447, 92
466, 95
450, 108
450, 109
448, 110
450, 108
444, 107
445, 102
452, 99
445, 101

401, 107
407, 104
406, 100
411, 101
412, 102
407, 104
410, 110

368, 93
373, 94
373, 95
371, 98
372, 98
371, 101
382, 104
386, 110
371, 103
371, 101
368, 100
371, 98
362, 94

200, 97
204, 101
198, 101
194, 110
185, 103
198, 101

98, 90
113, 108
113, 109
97, 93

579, 84
596, 86
592, 94
574, 109
569, 108
574, 89

97, 93
109, 108
95, 98

341, 98
332, 108
329, 105

527, 103
524, 106
520, 102

428, 97
429, 105
420, 103

286, 95
294, 104
287, 105
285, 98

561, 81
575, 83
574, 89
564, 97
566, 105
562, 100
564, 97

484, 97
485, 97
484, 104
482, 105
480, 103

412, 101
420, 103
417, 105
412, 102

494, 80
498, 84
496, 89
486, 95
487, 98
493, 98
492, 101
487, 103
487, 98
485, 97
485, 96
486, 95
486, 92
485, 96
483, 97
491, 83

255, 73
254, 74
274, 79
282, 89
282, 90
253, 94
259, 98
245, 100
244, 102
242, 101
245, 100
247, 96
242, 95
253, 94
244, 86
254, 74
251, 74

184, 89
181, 96
183, 102
179, 99
181, 96
179, 93
184, 89
177, 88
175, 85
188, 82
203, 55
178, 35
187, 23
219, 24
203, 55
215, 64
215, 65
199, 62
210, 72
199, 80
188, 82
186, 86

322, 96
324, 98
319, 99
315, 102
316, 100
319, 99

363, 99
368, 100
368, 101

262, 98
260, 99
259, 98

543, 49
542, 52
530, 57
507, 72
519, 74
501, 86
510, 94
497, 99
493, 98
496, 89
501, 86
498, 84
501, 76
507, 72
506, 72
519, 63
514, 64
504, 68
505, 66
514, 64
530, 57

346, 95
350, 96
341, 98

236, 95
242, 95
237, 96

162, 57
175, 85
166, 87
177, 88
179, 93
175, 96
164, 88
166, 87
163, 87
148, 76

474, 96
472, 96
473, 95

482, 70
486, 73
465, 76
471, 90
470, 91
473, 94
471, 95
466, 95
470, 91
460, 77
465, 76
464, 75
471, 72

246, 74
238, 82
244, 86
236, 95
230, 89
238, 82
232, 77

299, 88
302, 92
287, 94
290, 89

492, 79
494, 80
490, 83
491, 83
474, 94
474, 93
490, 83

346, 91
348, 90
350, 90
353, 91
350, 93

362, 91
362, 92
360, 92

286, 90
284, 92
283, 90

446, 39
476, 64
468, 65
480, 67
471, 72
463, 73
464, 75
460, 77
458, 75
453, 79
449, 79
448, 82
444, 85
434, 90
428, 90
427, 83
449, 79
449, 76
463, 73
461, 66
468, 65
459, 64
455, 54

187, 87
190, 90
184, 89

315, 88
320, 89
320, 90
317, 90

117, 53
148, 76
143, 83
115, 67
114, 89
106, 75

368, 83
366, 84
363, 89
360, 87
366, 84
366, 83

333, 87
334, 86
337, 87

450, 71
449, 76
427, 80
427, 83
406, 87
400, 86
399, 85
427, 80
427, 74

302, 73
308, 74
323, 80
323, 81
330, 84
321, 85
323, 81
315, 77
308, 80
311, 83
322, 85
313, 86
311, 83
304, 81
308, 80
302, 73
301, 73
302, 72

425, 50
426, 58
459, 64
461, 66
426, 71
427, 74
397, 79
399, 85
395, 85
386, 84
384, 83
386, 80
397, 79
395, 75
426, 71
426, 58
414, 57

211, 73
215, 76
209, 77
207, 82
191, 85
199, 80
209, 77

400, 65
394, 72
395, 75
390, 76
386, 80
382, 81
384, 82
384, 83
385, 84
383, 84
384, 83
384, 82
381, 81
382, 81
380, 77
390, 76
394, 72
392, 69

289, 66
301, 71
300, 73
301, 73
296, 78
295, 80
304, 81
297, 84
295, 80
296, 78
300, 73
290, 71
288, 67

379, 76
380, 77
378, 77
378, 78
381, 81
377, 82
376, 83
371, 82
377, 82
378, 78
377, 78

275, 69
273, 62
276, 61
274, 60
281, 54
279, 50
284, 52
281, 54
284, 60
276, 61
287, 66
288, 67
275, 69
276, 69
290, 71
295, 80
293, 83
292, 83
295, 80
278, 77
276, 69

369, 82
370, 81
371, 82

364, 70
364, 69
365, 69
364, 70
369, 78
369, 79
356, 80

271, 75
278, 77
279, 80
274, 79

579, 65
578, 71
561, 80
560, 75
564, 72

375, 50
380, 51
370, 63
374, 69
371, 74
365, 69
370, 63
367, 59
344, 78
339, 78
326, 72
331, 59

503, 71
506, 72
501, 75

586, 34
581, 57
564, 72
560, 73
555, 49
563, 44

227, 26
233, 27
235, 30
258, 40
249, 47
253, 52
267, 58
262, 64
263, 65
262, 65
255, 72
241, 70
262, 65
262, 64
253, 52
245, 49
249, 47
235, 30

271, 63
265, 68
274, 69
267, 71
263, 65

530, 59
534, 64
531, 66

226, 42
245, 49
220, 66
217, 65
215, 64

340, 29
341, 29
337, 40
356, 43
345, 45
363, 48
331, 58
331, 59
327, 59
310, 64
309, 64
311, 62
327, 59
331, 58
335, 48
345, 45
336, 44
337, 40
332, 39

321, 51
311, 62
307, 63
306, 63
312, 53

271, 54
273, 60
267, 58

554, 47
555, 49
540, 59
542, 52

515, 36
540, 37
509, 52

616, 50
615, 52
614, 52
615, 50

406, 36
397, 46
384, 49
383, 51
380, 51
382, 49
384, 49
385, 47
384, 47
389, 41

270, 33
286, 36
277, 47

265, 36
268, 45
258, 40

312, 28
327, 29
321, 37
332, 39
328, 43
319, 41
321, 37
305, 35

424, 37
424, 41
420, 42

289, 32
305, 35
301, 38
286, 36

454, 34
462, 34
450, 36
446, 38
445, 37
450, 36

432, 27
434, 27
433, 28
439, 33
417, 32
433, 28

262, 26
266, 26
267, 29
274, 30
270, 33
267, 29
262, 28

221, 22
230, 23
231, 25
245, 25
262, 28
264, 32
233, 27
231, 25
219, 24

438, 26
439, 28
434, 27

